0.000000000
0.040000000
0.080000000
0.120000000
0.160000000
0.200000000
0.240000000
0.280000000
0.320000000
0.360000000
0.400000000
0.440000000
0.480000000
0.520000000
0.560000000
0.600000000
0.640000000
0.680000000
0.720000000
0.760000000
0.800000000
0.840000000
0.880000000
0.920000000
0.960000000
1.000000000
1.040000000
1.080000000
1.120000000
1.160000000
1.200000000
1.240000000
1.280000000
1.320000000
1.360000000
1.400000000
1.440000000
1.480000000
1.520000000
1.560000000
1.600000000
1.640000000
1.680000000
1.720000000
1.760000000
1.800000000
1.840000000
1.880000000
1.920000000
1.960000000
2.000000000
2.040000000
2.080000000
2.120000000
2.160000000
2.200000000
2.240000000
2.280000000
2.320000000
2.360000000
2.400000000
2.440000000
2.480000000
2.520000000
2.560000000
2.600000000
2.640000000
2.680000000
2.720000000
2.760000000
2.800000000
2.840000000
2.880000000
2.920000000
2.960000000
3.000000000
3.040000000
3.080000000
3.120000000
3.160000000
3.200000000
3.240000000
3.280000000
3.320000000
3.360000000
3.400000000
3.440000000
3.480000000
3.520000000
3.560000000
3.600000000
3.640000000
3.680000000
3.720000000
3.760000000
3.800000000
3.840000000
3.880000000
3.920000000
3.960000000
4.000000000
4.040000000
4.080000000
4.120000000
4.160000000
4.200000000
4.240000000
4.280000000
4.320000000
4.360000000
4.400000000
4.440000000
4.480000000
4.520000000
4.560000000
4.600000000
4.640000000
4.680000000
4.720000000
4.760000000
4.800000000
4.840000000
4.880000000
4.920000000
4.960000000
5.000000000
5.040000000
5.080000000
5.120000000
5.160000000
5.200000000
5.240000000
5.280000000
5.320000000
5.360000000
5.400000000
5.440000000
5.480000000
5.520000000
5.560000000
5.600000000
5.640000000
5.680000000
5.720000000
5.760000000
5.800000000
5.840000000
5.880000000
5.920000000
5.960000000
6.000000000
6.040000000
6.080000000
6.120000000
6.160000000
6.200000000
6.240000000
6.280000000
6.320000000
6.360000000
6.400000000
6.440000000
6.480000000
6.520000000
6.560000000
6.600000000
6.640000000
6.680000000
6.720000000
6.760000000
6.800000000
6.840000000
6.880000000
6.920000000
6.960000000
7.000000000
7.040000000
7.080000000
7.120000000
7.160000000
7.200000000
7.240000000
7.280000000
7.320000000
7.360000000
7.400000000
7.440000000
7.480000000
7.520000000
7.560000000
7.600000000
7.640000000
7.680000000
7.720000000
7.760000000
7.800000000
7.840000000
7.880000000
7.920000000
7.960000000
8.000000000
8.040000000
8.080000000
8.120000000
8.160000000
8.200000000
8.240000000
8.280000000
8.320000000
8.360000000
8.400000000
8.440000000
8.480000000
8.520000000
8.560000000
8.600000000
8.640000000
8.680000000
8.720000000
8.760000000
8.800000000
8.840000000
8.880000000
8.920000000
8.960000000
9.000000000
9.040000000
9.080000000
9.120000000
